417
417
295
295
294
294
293
293
296
296
290
290
299
299
301
301
303
303
306
306
300
300
305
305
304
304
302
302
292
292
297
297
298
298
291
291
941
486
486
891
891
844
844
855
855
845
845
724
724
740
740
593
593
508
508
509
509
491
491
492
492
522
522
525
525
644
644
720
720
548
548
448
448
533
533
611
611
612
612
472
472
487
487
581
581
684
684
465
465
544
544
481
481
558
558
700
700
582
582
669
669
666
666
464
464
780
640
640
394
394
263
263
275
275
264
264
265
265
383
387
385
386
1040
1040
1038
1038
1069
1069
1081
1081
1080
1080
1037
1037
695
696
